1 2.00038 -3.67500 -45.01432 .00000  22.89726 35.88363 24.63119
1 3.00747 -3.66740 -41.42757 .08333  23.12033 35.79611 24.49453
1 3.56263 -4.04401 -37.32178 .16667  23.56096 35.69199 24.28605
1 4.01674 -4.52032 -33.51026 .25000  23.96865 35.57676 24.08007
1 4.39828 -5.02413 -29.49098 .33333  24.18952 35.47718 23.93908
1 2.94095 -5.66884 -25.64252 .41667  24.45977 35.48239 23.86443
1 1.02735 -6.32805 -25.28621 .50000  24.09832 35.57552 24.04632
1 -.63356 -6.68118 -23.88182 .58333  24.45169 35.64721 23.99231
1 -2.23957 -7.37598 -23.78929 .66667  24.70279 35.77345 24.01089
1 -3.44796 -8.07750 -23.99492 .75000  24.87123 35.90560 24.06020
1 -4.24762 -8.85165 -26.12759 .83333  24.98984 36.01852 24.11054
1 -5.07261 -9.59712 -26.82583 .91667  25.11667 36.11516 24.14653
1 -5.99131 -10.34905 -27.58325 1.00000  25.19913 36.21217 24.19693
1 -6.99481 -11.05760 -29.53380 1.08333  24.70918 36.26114 24.38174
1 -7.99226 -11.85337 -30.88637 1.16667  24.26329 36.30663 24.54957
1 -8.96812 -12.63025 -32.66891 1.25000  23.86795 36.35830 24.70617
1 -9.64616 -13.06229 -34.25831 1.33333  23.51809 36.39088 24.83438
1 -10.25769 -13.46198 -35.77786 1.41667  23.16239 36.42152 24.96291
1 -10.83643 -13.84602 -37.21527 1.50000  22.80617 36.45393 25.09284
1 -11.40424 -14.16029 -40.18493 1.58333  23.05269 36.49461 25.05070
1 -12.04501 -14.09776 -44.13976 1.66667  23.34006 36.51931 24.98541
1 -12.68577 -14.03523 -48.09459 1.75000  23.52684 36.53259 24.94086
1 -13.49709 -14.00322 -51.80491 1.83333  23.65495 36.54816 24.91562
1 -14.31944 -13.89141 -55.36700 1.91667  23.76013 36.55761 24.89266
1 -15.14546 -13.77282 -58.98333 2.00000  23.81248 36.55773 24.87734
1 -16.03236 -13.56370 -62.82236 2.08333  23.58132 36.57486 24.95883
1 -16.93554 -13.33274 -66.64735 2.16667  23.43450 36.59547 25.01788
1 -17.75721 -13.02206 -70.42103 2.25000  23.36737 36.60892 25.04798
1 -18.49290 -12.86841 -77.04510 2.33333  23.21573 36.63001 25.10869
1 -19.18982 -12.61622 -83.43015 2.41667  23.18246 36.64127 25.12710
1 -19.85918 -12.26595 -89.38867 2.50000  23.20523 36.63841 25.11838
1 -20.78730 -11.86096 -94.33539 2.58333  23.14250 36.61743 25.12065
1 -21.75539 -11.46022 -98.87560 2.66667  23.05918 36.60160 25.13270
1 -22.68770 -11.07577 -103.50974 2.75000  22.97859 36.59541 25.15137
1 -23.77143 -10.55101 -106.13509 2.83333  23.03833 36.59985 25.13766
1 -24.82874 -9.95581 -108.92398 2.91667  23.00492 36.59591 25.14424
1 -25.82109 -9.36960 -110.53691 3.00000  23.00897 36.59094 25.13936
1 -26.87844 -8.77949 -111.88857 3.08333  23.14091 36.56720 25.08235
1 -28.15475 -8.74567 -115.56569 3.16667  23.28174 36.57909 25.05034
1 -29.50598 -8.73726 -119.34219 3.25000  23.40477 36.48458 24.94196
1 -30.73523 -8.73349 -122.46729 3.33333  23.41520 36.52142 24.96674
1 -31.94798 -7.00019 -123.99602 3.41667  23.42762 36.52176 24.96308
1 -33.14642 -3.94253 -122.34082 3.50000  22.87059 36.53144 25.13254
1 -32.52887 -.25294 -120.76779 3.58333  21.91502 36.53623 25.40324
1 -20.32023 -.38359 -85.60341 3.66667  21.56896 36.36130 25.37279
1 -7.68415 -.49523 -50.72829 3.75000  21.89548 36.19176 25.14538
1 -5.72058 -1.78304 -26.30768 3.83333  23.98902 35.75155 24.20289
1 -9.38626 -3.90711 -23.66736 3.91667  25.77084 35.63628 23.58119
1 -12.09753 -5.12606 -26.77433 4.00000  26.22280 35.78713 23.55763
1 -13.57895 -6.15025 -30.50937 4.08333  25.86765 35.89327 23.74689
1 -14.43342 -7.16851 -31.16393 4.16667  25.50295 35.97020 23.91788
1 -15.21054 -8.08818 -32.55006 4.25000  25.18249 36.03683 24.06753
1 -16.32244 -8.65205 -32.26783 4.33333  24.94239 36.09360 24.18475
1 -17.16543 -9.26473 -31.53950 4.41667  24.68551 36.14620 24.30360
1 -17.99448 -9.95234 -30.94013 4.50000  24.38618 36.22500 24.45476
1 -18.68814 -10.67199 -31.24497 4.58333  24.55387 36.32882 24.48157
2 2.00038 -3.67500 -55.03146 .00000  21.31496 35.95253 25.13033
2 2.63548 -3.74611 -52.33576 .08333  21.40772 35.92562 25.08130
2 3.26328 -3.85375 -49.13633 .16667  21.52474 35.90236 25.03004
2 3.88458 -4.00580 -45.23364 .25000  21.66974 35.88569 24.97834
2 4.88460 -4.25611 -40.01936 .33333  22.24212 35.77620 24.73057
2 5.79324 -4.72457 -34.62129 .41667  22.89491 35.66821 24.46630
2 6.39526 -5.28088 -28.79267 .50000  23.24548 35.50207 24.24050
2 5.75756 -6.13488 -25.01918 .58333  24.29075 35.33145 23.80081
2 4.46879 -6.74529 -22.86992 .66667  24.87882 35.36761 23.64955
2 2.86544 -7.04386 -19.90041 .75000  25.34018 35.48906 23.59959
2 2.17800 -7.99795 -20.79613 .83333  25.64315 35.65374 23.63145
2 1.60583 -8.95400 -21.74253 .91667  25.78089 35.83484 23.72756
2 1.00835 -9.86960 -22.88553 1.00000  25.80272 35.99367 23.84377
2 .36798 -10.65079 -22.84886 1.08333  25.01956 35.98468 24.07571
2 -.27929 -11.41882 -22.46395 1.16667  24.29150 36.00117 24.30710
2 -1.12611 -12.11385 -23.30887 1.25000  23.65128 36.05330 24.53730
2 -1.81591 -12.61456 -24.40598 1.33333  23.12277 36.09425 24.72423
2 -2.50571 -13.11527 -25.50309 1.41667  22.64467 36.13552 24.89522
2 -3.36346 -13.56261 -25.88811 1.50000  22.21662 36.18995 25.06114
2 -4.28474 -13.95750 -25.93253 1.58333  22.50388 36.29396 25.05584
2 -5.21210 -14.34179 -25.82614 1.66667  22.81537 36.35520 25.01095
2 -6.16051 -14.68939 -25.19716 1.75000  23.16751 36.40387 24.94474
2 -7.24065 -15.15022 -26.60935 1.83333  23.56224 36.45292 24.86608
2 -8.39676 -15.60952 -28.73502 1.91667  24.01011 36.50389 24.77317
2 -9.51817 -16.05526 -31.06937 2.00000  24.50571 36.55183 24.66348
2 -10.59077 -16.48060 -33.65208 2.08333  24.20557 36.56986 24.76414
2 -11.65708 -16.87145 -36.48232 2.16667  23.80747 36.58923 24.89602
2 -12.66240 -17.22913 -39.25723 2.25000  23.36292 36.60978 25.04318
2 -13.40876 -17.08869 -42.43060 2.33333  22.98843 36.62733 25.16768
2 -14.17670 -16.90906 -46.19393 2.41667  22.66354 36.65592 25.28589
2 -14.95099 -16.72953 -50.02167 2.50000  22.40449 36.68508 25.38456
2 -15.72897 -16.53389 -56.19175 2.58333  22.64054 36.70438 25.33082
2 -16.53238 -16.33933 -62.44221 2.66667  22.77916 36.71317 25.29755
2 -17.37469 -16.14623 -68.07400 2.75000  22.86030 36.71792 25.27802
2 -18.34121 -15.85794 -71.61621 2.83333  22.98498 36.72592 25.24817
2 -19.29161 -15.53172 -75.17700 2.91667  23.08108 36.72748 25.22184
2 -20.22645 -15.19505 -78.86421 3.00000  23.13171 36.72340 25.20393
2 -21.18424 -14.81487 -82.43235 3.08333  23.07281 36.75222 25.24308
2 -22.20373 -14.41639 -85.71061 3.16667  23.08790 36.78086 25.26076
2 -23.22569 -14.01432 -89.02669 3.25000  23.16240 36.80386 25.25635
2 -24.04750 -13.76058 -95.91999 3.33333  23.13976 36.81550 25.27197
2 -24.87611 -13.43562 -102.45648 3.41667  23.08408 36.81246 25.28586
2 -25.83293 -12.94946 -107.14761 3.50000  23.07045 36.80245 25.28232
2 -26.88194 -12.45670 -111.18912 3.58333  23.04496 36.78901 25.27934
2 -27.95486 -12.26068 -117.43373 3.66667  22.97553 36.80034 25.30822
2 -29.05198 -12.11844 -123.86122 3.75000  22.90107 36.77110 25.30739
2 -30.37556 -12.05186 -128.07706 3.83333  22.96407 36.78070 25.29644
2 -31.63277 -11.47379 -131.41640 3.91667  23.14647 36.82192 25.27441
2 -32.70716 -10.12612 -129.23289 4.00000  23.07419 36.80598 25.28328
2 -33.75518 -6.08824 -124.35940 4.08333  22.73898 36.71779 25.31330
2 -37.94073 -.32184 -115.13175 4.16667  23.27325 36.57124 25.04387
2 -33.55577 .99607 -98.48745 4.25000  23.57014 36.39601 24.82300
2 -27.31437 -.12187 -53.83787 4.33333  25.11543 35.99877 24.06249
2 -31.58792 -1.37763 -57.93359 4.41667  25.25535 35.98704 24.01052
2 -36.22631 -1.92238 -58.31854 4.50000  25.35214 36.07324 24.04607
2 -43.41412 .82012 -97.48937 4.58333  25.90792 36.07046 23.87148
3 2.00038 -3.67500 -65.06562 .00000  20.05971 35.96677 25.48198
3 2.61035 -3.79183 -62.56250 .08333  20.10024 35.94607 25.45364
3 3.21629 -3.92495 -59.66568 .16667  20.15680 35.93144 25.42674
3 3.84009 -4.07810 -56.01878 .25000  20.24378 35.92264 25.39741
3 4.85783 -4.39095 -51.67861 .33333  20.43272 35.90067 25.32911
3 5.73346 -4.80596 -47.19294 .41667  20.62919 35.89025 25.26950
3 6.53928 -5.25299 -42.62515 .50000  20.98487 35.83312 25.12946
3 7.09881 -5.65530 -38.25683 .58333  22.13055 35.68272 24.69213
3 7.60749 -5.74155 -33.23534 .66667  23.32760 35.49056 24.20265
3 8.02525 -6.06110 -28.39958 .75000  24.32154 35.22994 23.70994
3 7.50453 -6.60192 -25.21545 .83333  25.29336 35.05406 23.28494
3 6.55331 -7.03692 -23.39981 .91667  25.94701 35.07441 23.10094
3 5.59444 -7.40749 -22.43932 1.00000  26.47838 35.21164 23.04166
3 5.04740 -7.82738 -22.11185 1.08333  26.10968 35.36386 23.26971
3 4.53697 -8.56722 -22.40193 1.16667  25.61887 35.53754 23.55160
3 4.05484 -9.36593 -22.95251 1.25000  25.04476 35.65637 23.81696
3 3.16213 -9.70576 -22.08206 1.33333  24.42128 35.67231 24.01845
3 2.30778 -10.18627 -21.27433 1.41667  23.73854 35.64295 24.20200
3 1.56430 -10.68880 -20.58748 1.50000  23.09533 35.59129 24.35521
3 .81038 -11.22379 -20.37897 1.58333  23.26196 35.72205 24.40222
3 .07934 -11.84881 -21.28361 1.66667  23.38534 35.86675 24.47401
3 -.58724 -12.46002 -21.73769 1.75000  23.54358 36.03968 24.55848
3 -1.48797 -13.02457 -22.80342 1.83333  23.71789 36.20736 24.63486
3 -2.47487 -13.50882 -23.63325 1.91667  23.93396 36.32167 24.65917
3 -3.52074 -13.97979 -24.67395 2.00000  24.18587 36.40247 24.64782
3 -4.57985 -14.44634 -26.04706 2.08333  23.79895 36.40515 24.76247
3 -5.63854 -14.91045 -27.33193 2.16667  23.43945 36.41343 24.87272
3 -6.77886 -15.36022 -28.84689 2.25000  23.09982 36.43200 24.98477
3 -7.78810 -15.66962 -29.67488 2.33333  22.76067 36.45036 25.09697
3 -8.62056 -15.92496 -30.58911 2.41667  22.41838 36.46471 25.20761
3 -9.32415 -16.10053 -31.65416 2.50000  22.08635 36.47158 25.31020
3 -10.00291 -16.22163 -32.84387 2.58333  22.55976 36.50429 25.19705
3 -10.68168 -16.34272 -34.03358 2.66667  23.03067 36.53629 25.08363
3 -11.34439 -16.41734 -36.11979 2.75000  23.44432 36.56533 24.98473
3 -12.42955 -16.80334 -39.46614 2.83333  23.74120 36.60385 24.92788
3 -13.33520 -16.79444 -42.63486 2.91667  24.02702 36.62874 24.86425
3 -14.30942 -16.68473 -45.90664 3.00000  24.27962 36.64829 24.80601
3 -15.29386 -16.58815 -49.36232 3.08333  23.88201 36.66992 24.93989
3 -16.28288 -16.42710 -53.21835 3.16667  23.55448 36.70198 25.06133
3 -17.27227 -16.24478 -57.03368 3.25000  23.28298 36.73778 25.16869
3 -18.07213 -16.05813 -61.89627 3.33333  23.00567 36.76566 25.27171
3 -18.88283 -15.86480 -66.83338 3.41667  22.81242 36.79914 25.35405
3 -19.67347 -15.69462 -71.90370 3.50000  22.72275 36.83230 25.40570
3 -20.45309 -15.53053 -77.04262 3.58333  22.86568 36.83344 25.36506
3 -21.23033 -15.36951 -82.30892 3.66667  22.94111 36.82955 25.34021
3 -22.00112 -15.21653 -87.84281 3.75000  22.93760 36.82178 25.33549
3 -22.95924 -14.83070 -91.17214 3.83333  22.97939 36.81124 25.31525
3 -24.05917 -14.40613 -94.40631 3.91667  23.01258 36.80782 25.30322
3 -25.15671 -13.96950 -97.57745 4.00000  22.98679 36.80843 25.31122
3 -26.24036 -13.46374 -100.31663 4.08333  23.07769 36.82863 25.30005
3 -27.37403 -13.01997 -103.11458 4.16667  23.16527 36.83998 25.28307
3 -28.56619 -12.74469 -106.21453 4.25000  23.29028 36.83875 25.24556
3 -29.62005 -12.63618 -111.69654 4.33333  23.35178 36.81620 25.21025
3 -30.66226 -12.66481 -116.64449 4.41667  23.40182 36.83319 25.20842
3 -31.62301 -12.19254 -122.80265 4.50000  23.40424 36.83465 25.20846
3 -32.45740 -11.23661 -128.13989 4.58333  23.17754 36.82876 25.27042
