1 .00000 .00000 -.00000 .00000  NaN NaN NaN
1 -52879.06803 -39009.61133 -.00000 .08333  NaN NaN NaN
1 -12855.80501 .00000 -.00000 .16667  NaN NaN NaN
1 -12855.80501 .00000 -.00000 .25000  NaN NaN NaN
1 62177.57357 .00000 -.00000 .33333  NaN NaN NaN
1 62177.57357 .00000 -.00000 .41667  NaN NaN NaN
1 62177.57357 .00000 -.00000 .50000  NaN NaN NaN
1 62177.57357 .00000 -.00000 .58333  NaN NaN NaN
1 62177.57357 .00000 -.00000 .66667  NaN NaN NaN
1 62177.57357 .00000 -.00000 .75000  NaN NaN NaN
1 62177.57357 .00000 -.00000 .83333  NaN NaN NaN
1 62177.57357 .00000 -.00000 .91667  NaN NaN NaN
1 62177.57357 .00000 -.00000 1.00000  NaN NaN NaN
1 62177.57357 .00000 -.00000 1.08333  NaN NaN NaN
1 62177.57357 .00000 -.00000 1.16667  NaN NaN NaN
1 62177.57357 .00000 -.00000 1.25000  NaN NaN NaN
1 62177.57357 .00000 -.00000 1.33333  NaN NaN NaN
1 62177.57357 .00000 -.00000 1.41667  NaN NaN NaN
1 62177.57357 .00000 -.00000 1.50000  NaN NaN NaN
1 62177.57357 .00000 -.00000 1.58333  NaN NaN NaN
1 62177.57357 .00000 -.00000 1.66667  NaN NaN NaN
1 62177.57357 .00000 -.00000 1.75000  NaN NaN NaN
1 62177.57357 .00000 -.00000 1.83333  NaN NaN NaN
1 62177.57357 .00000 -.00000 1.91667  NaN NaN NaN
1 62177.57357 .00000 -.00000 2.00000  NaN NaN NaN
1 62177.57357 .00000 -.00000 2.08333  NaN NaN NaN
1 62177.57357 .00000 -.00000 2.16667  NaN NaN NaN
1 62177.57357 .00000 -.00000 2.25000  NaN NaN NaN
1 62177.57357 .00000 -.00000 2.33333  NaN NaN NaN
1 62177.57357 .00000 -.00000 2.41667  NaN NaN NaN
1 62177.57357 .00000 -.00000 2.50000  NaN NaN NaN
1 62177.57357 .00000 -.00000 2.58333  NaN NaN NaN
1 62177.57357 .00000 -.00000 2.66667  NaN NaN NaN
1 62177.57357 .00000 -.00000 2.75000  NaN NaN NaN
1 62177.57357 .00000 -.00000 2.83333  NaN NaN NaN
1 62177.57357 .00000 -.00000 2.91667  NaN NaN NaN
1 62177.57357 .00000 -.00000 3.00000  NaN NaN NaN
1 62177.57357 .00000 -.00000 3.08333  NaN NaN NaN
1 62177.57357 .00000 -.00000 3.16667  NaN NaN NaN
1 62177.57357 .00000 -.00000 3.25000  NaN NaN NaN
1 62177.57357 .00000 -.00000 3.33333  NaN NaN NaN
1 62177.57357 .00000 -.00000 3.41667  NaN NaN NaN
1 62177.57357 .00000 -.00000 3.50000  NaN NaN NaN
1 62177.57357 .00000 -.00000 3.58333  NaN NaN NaN
1 62177.57357 .00000 -.00000 3.66667  NaN NaN NaN
1 62177.57357 .00000 -.00000 3.75000  NaN NaN NaN
1 62177.57357 .00000 -.00000 3.83333  NaN NaN NaN
1 62177.57357 .00000 -.00000 3.91667  NaN NaN NaN
1 54788.21549 .00000 -.00000 4.00000  NaN NaN NaN
1 54788.21549 .00000 -.00000 4.08333  NaN NaN NaN
1 54788.21549 .00000 -.00000 4.16667  NaN NaN NaN
1 54788.21549 .00000 -.00000 4.25000  NaN NaN NaN
1 54788.21549 .00000 -.00000 4.33333  NaN NaN NaN
1 54788.21549 .00000 -.00000 4.41667  NaN NaN NaN
1 54788.21549 .00000 -.00000 4.50000  NaN NaN NaN
1 54788.21549 .00000 -.00000 4.58333  NaN NaN NaN
