2013 10 17 1.709085e+03
2013 10 18 1.676078e+03
2013 10 19 1.653680e+03
2013 10 20 1.636592e+03
2013 10 21 1.595647e+03
2013 10 22 1.543784e+03
2013 10 23 1.463963e+03
2013 10 24 1.448990e+03
2013 10 26 1.403814e+03
2013 10 27 1.397789e+03
2013 10 28 1.379068e+03
2013 10 29 1.360858e+03
2013 10 30 1.348626e+03
2013 10 31 1.353939e+03
2013 11 01 1.339429e+03
2013 11 02 1.363030e+03
2013 11 03 1.328478e+03
2013 11 04 1.312836e+03
2013 11 05 1.313467e+03
2013 11 06 1.310282e+03
2013 11 07 1.291194e+03
2013 11 08 1.294454e+03
2013 11 09 1.262598e+03
2013 11 10 1.224121e+03
2013 11 11 1.206488e+03
2013 11 12 1.203310e+03
2013 11 13 1.283821e+03
2013 11 14 1.252500e+03
2013 11 15 1.207172e+03
2013 11 16 1.186699e+03
2013 11 17 1.321886e+03
2013 11 18 1.468744e+03
2013 11 19 1.427389e+03
2013 11 20 1.282297e+03
2013 11 21 1.109298e+03
2013 11 22 9.493152e+02
2013 11 23 8.674859e+02
2013 11 24 8.838420e+02
2013 11 25 8.821961e+02
2013 11 26 9.894552e+02
2013 11 27 1.033734e+03
2013 11 28 1.042425e+03
2013 11 29 1.090104e+03
2013 11 30 1.144922e+03
2013 12 01 1.230845e+03
2013 12 02 1.225302e+03
2013 12 03 1.162942e+03
2013 12 04 1.127400e+03
2013 12 05 1.039091e+03
2013 12 06 1.004113e+03
2013 12 07 9.073335e+02
2013 12 08 7.960527e+02
2013 12 09 7.083813e+02
2013 12 10 6.957470e+02
2013 12 11 7.023022e+02
2013 12 12 8.088767e+02
2013 12 13 8.169383e+02
2013 12 14 8.119544e+02
2013 12 15 9.205326e+02
2013 12 16 9.798931e+02
2013 12 17 9.881138e+02
2013 12 18 9.914531e+02
2013 12 19 1.004304e+03
2013 12 20 9.829207e+02
2013 12 21 1.000009e+03
2013 12 22 1.004403e+03
2013 12 23 1.029460e+03
2013 12 24 1.015375e+03
2013 12 25 9.804251e+02
2013 12 26 9.705534e+02
2013 12 27 1.021713e+03
2013 12 28 1.075568e+03
2013 12 29 1.062909e+03
2013 12 30 1.058320e+03
2013 12 31 1.072570e+03
2014 01 01 1.178631e+03
2014 01 02 1.484683e+03
2014 01 03 1.604220e+03
2014 01 04 1.438614e+03
2014 01 05 1.305241e+03
2014 01 06 1.201955e+03
2014 01 07 1.145506e+03
2014 01 08 1.126472e+03
2014 01 09 1.152416e+03
2014 01 10 1.181953e+03
2014 01 11 1.302666e+03
2014 01 12 1.241491e+03
2014 01 13 1.345657e+03
2014 01 14 1.312392e+03
2014 01 15 1.228035e+03
2014 01 16 1.178969e+03
2014 01 17 1.140312e+03
2014 01 18 1.120127e+03
2014 01 19 1.102975e+03
2014 01 20 1.073790e+03
2014 01 21 1.051388e+03
2014 01 22 1.030444e+03
2014 01 23 1.063693e+03
2014 01 24 1.075264e+03
2014 01 25 1.044515e+03
2014 01 26 1.031912e+03
2014 01 27 1.019473e+03
2014 01 28 1.009487e+03
2014 01 29 9.997911e+02
2014 01 30 9.906341e+02
2014 01 31 9.494208e+02
2014 02 01 8.614680e+02
2014 02 02 7.959277e+02
2014 02 03 7.304818e+02
2014 02 04 7.429472e+02
2014 02 05 6.715505e+02
2014 02 06 6.521784e+02
2014 02 07 6.604908e+02
2014 02 08 6.506096e+02
2014 02 09 6.034314e+02
2014 02 10 6.081773e+02
2014 02 11 6.242630e+02
2014 02 12 6.468486e+02
2014 02 13 7.120806e+02
2014 02 14 7.789286e+02
2014 02 15 8.264894e+02
2014 02 16 8.427121e+02
2014 02 17 8.675337e+02
2014 02 18 8.534218e+02
2014 02 19 8.607213e+02
2014 02 20 8.691653e+02
2014 02 21 8.595353e+02
2014 02 22 8.384961e+02
2014 02 23 8.290708e+02
2014 02 24 8.083512e+02
2014 02 25 7.430641e+02
2014 02 26 7.077475e+02
2014 02 27 7.089160e+02
2014 02 28 7.249175e+02
2014 03 01 7.372346e+02
2014 03 02 7.284732e+02
2014 03 03 7.158755e+02
2014 03 04 6.873700e+02
2014 03 05 6.449856e+02
2014 03 06 6.823700e+02
2014 03 07 7.712036e+02
2014 03 08 7.892531e+02
2014 03 09 9.301267e+02
2014 03 10 9.097525e+02
2014 03 11 8.696547e+02
2014 03 12 8.575358e+02
2014 03 13 8.099790e+02
2014 03 14 8.641706e+02
2014 03 15 9.166552e+02
2014 03 16 1.164974e+03
2014 03 17 1.073484e+03
2014 03 18 9.984899e+02
2014 03 19 9.674302e+02
2014 03 20 9.450125e+02
2014 03 21 9.341538e+02
2014 03 22 9.232306e+02
2014 03 23 8.995370e+02
2014 03 24 8.788359e+02
2014 03 25 8.736755e+02
2014 03 26 8.953964e+02
2014 03 27 8.851984e+02
2014 03 28 8.713601e+02
2014 03 29 8.880815e+02
2014 03 30 9.037140e+02
2014 03 31 9.055489e+02
2014 04 01 8.908418e+02
2014 04 02 7.728101e+02
2014 04 03 7.754657e+02
2014 04 04 7.792062e+02
2014 04 05 7.856420e+02
2014 04 06 8.219904e+02
2014 04 07 8.517304e+02
2014 04 08 9.346431e+02
2014 04 09 1.051233e+03
2014 04 10 1.097622e+03
2014 04 11 1.223136e+03
2014 04 12 1.342874e+03
2014 04 13 1.451360e+03
2014 04 14 1.580937e+03
2014 04 15 1.727293e+03
2014 04 16 1.873264e+03
2014 04 17 2.008409e+03
2014 04 18 2.157923e+03
2014 04 19 2.364796e+03
2014 04 20 2.611625e+03
2014 04 21 2.739056e+03
2014 04 22 2.798495e+03
2014 04 23 2.903026e+03
2014 04 24 3.099000e+03
2014 04 25 3.295490e+03
2014 04 26 3.398530e+03
2014 04 27 3.483661e+03
2014 04 28 3.526940e+03
2014 04 29 3.558124e+03
2014 04 30 3.621362e+03
2014 05 01 3.722216e+03
2014 05 02 4.085753e+03
2014 05 03 4.539554e+03
2014 05 04 4.984445e+03
2014 05 05 5.312032e+03
2014 05 06 5.262996e+03
2014 05 07 4.967821e+03
2014 05 08 4.707867e+03
2014 05 09 4.561957e+03
2014 05 10 4.457954e+03
2014 05 11 4.489801e+03
2014 05 12 4.739805e+03
2014 05 13 5.038705e+03
2014 05 14 5.325552e+03
2014 05 15 5.655523e+03
2014 05 16 6.024916e+03
2014 05 17 6.597801e+03
2014 05 18 6.970980e+03
2014 05 19 7.256672e+03
2014 05 20 7.616370e+03
2014 05 21 8.030211e+03
2014 05 22 8.410202e+03
2014 05 23 8.875952e+03
2014 05 24 9.188816e+03
2014 05 25 9.011953e+03
2014 05 26 9.294136e+03
2014 05 27 9.745469e+03
2014 05 28 9.970571e+03
2014 05 29 9.809903e+03
2014 05 30 9.363503e+03
2014 05 31 9.067350e+03
2014 06 01 8.893491e+03
2014 06 02 8.824171e+03
2014 06 03 8.776597e+03
2014 06 04 8.694045e+03
2014 06 05 8.582410e+03
2014 06 06 8.513269e+03
2014 06 07 8.421701e+03
2014 06 08 8.101398e+03
2014 06 09 7.575642e+03
2014 06 10 7.073672e+03
2014 06 11 6.846646e+03
2014 06 12 7.007367e+03
2014 06 13 7.186813e+03
2014 06 14 7.021727e+03
2014 06 15 6.755866e+03
2014 06 16 6.715827e+03
2014 06 17 6.852237e+03
2014 06 18 6.943264e+03
2014 06 19 6.824338e+03
2014 06 20 6.731512e+03
2014 06 21 6.644238e+03
2014 06 22 6.645533e+03
2014 06 23 6.703472e+03
2014 06 24 6.725062e+03
2014 06 25 6.631838e+03
2014 06 26 6.542655e+03
2014 06 27 6.538641e+03
2014 06 28 6.691122e+03
2014 06 29 6.674105e+03
2014 06 30 6.487700e+03
2014 07 01 6.368643e+03
2014 07 02 6.294410e+03
2014 07 03 6.145806e+03
2014 07 04 5.926133e+03
2014 07 05 5.804657e+03
2014 07 06 5.866259e+03
2014 07 07 5.955399e+03
2014 07 08 5.819308e+03
2014 07 09 5.636984e+03
2014 07 10 5.502528e+03
2014 07 11 5.338101e+03
2014 07 12 5.224545e+03
2014 07 13 5.114009e+03
2014 07 14 4.918824e+03
2014 07 15 4.723859e+03
2014 07 16 4.577322e+03
2014 07 17 4.517706e+03
2014 07 18 4.522393e+03
2014 07 19 4.513994e+03
2014 07 20 4.440642e+03
2014 07 21 4.367147e+03
2014 07 22 4.449060e+03
2014 07 23 4.816234e+03
2014 07 24 4.892351e+03
2014 07 25 4.619292e+03
2014 07 26 4.378124e+03
2014 07 27 4.419143e+03
2014 07 28 4.765520e+03
2014 07 29 4.674958e+03
2014 07 30 4.333063e+03
2014 07 31 4.075287e+03
2014 08 01 3.902287e+03
2014 08 02 3.793634e+03
2014 08 03 3.715406e+03
2014 08 04 3.642314e+03
2014 08 05 3.568331e+03
2014 08 06 3.484514e+03
2014 08 07 3.407849e+03
2014 08 08 3.297505e+03
2014 08 09 3.245675e+03
2014 08 10 3.155090e+03
2014 08 11 3.037296e+03
2014 08 12 2.916821e+03
2014 08 13 2.812456e+03
2014 08 14 2.739278e+03
2014 08 15 2.712226e+03
2014 08 16 2.745849e+03
2014 08 17 2.792036e+03
2014 08 18 2.841687e+03
2014 08 19 2.867929e+03
2014 08 20 2.973203e+03
2014 08 21 2.934409e+03
2014 08 22 2.862582e+03
2014 08 23 2.802418e+03
2014 08 24 2.674782e+03
2014 08 25 2.511669e+03
2014 08 26 2.352809e+03
2014 08 27 2.179964e+03
2014 08 28 2.146281e+03
2014 08 29 2.114319e+03
2014 08 30 2.099823e+03
2014 08 31 2.136309e+03
2014 09 01 2.141196e+03
2014 09 02 2.200776e+03
2014 09 03 2.278444e+03
2014 09 04 2.351733e+03
2014 09 05 2.615605e+03
2014 09 06 2.713320e+03
2014 09 07 2.517568e+03
2014 09 08 2.289322e+03
2014 09 09 2.112276e+03
2014 09 10 1.995442e+03
2014 09 11 1.962318e+03
2014 09 12 1.957136e+03
2014 09 13 1.938740e+03
2014 09 14 1.853726e+03
2014 09 15 1.760076e+03
2014 09 16 1.669205e+03
2014 09 17 1.595073e+03
2014 09 18 1.546658e+03
2014 09 19 1.521367e+03
2014 09 20 1.506166e+03
2014 09 21 1.493198e+03
2014 09 22 1.511475e+03
2014 09 23 1.565304e+03
2014 09 24 1.630677e+03
2014 09 25 1.692585e+03
2014 09 26 1.680662e+03
2014 09 27 1.723486e+03
2014 09 28 1.860256e+03
2014 09 29 1.942773e+03
2014 09 30 2.003281e+03
2014 10 01 1.950269e+03
2014 10 02 1.873410e+03
2014 10 03 1.785133e+03
2014 10 04 1.736496e+03
2014 10 05 1.706138e+03
2014 10 06 1.684899e+03
2014 10 07 1.796790e+03
2014 10 08 1.994658e+03
2014 10 09 2.068110e+03
2014 10 10 2.132076e+03
2014 10 11 2.098795e+03
2014 10 12 2.019135e+03
2014 10 13 1.888615e+03
2014 10 14 1.909452e+03
2014 10 15 1.910109e+03
2014 10 16 1.961419e+03
2014 10 17 2.151560e+03
2014 10 18 2.335971e+03
2014 10 19 2.229781e+03
2014 10 20 2.192047e+03
2014 10 21 2.314256e+03
2014 10 22 2.324055e+03
2014 10 23 2.425126e+03
2014 10 24 2.337962e+03
2014 10 25 2.284093e+03
2014 10 26 2.526493e+03
2014 10 27 2.469360e+03
2014 10 28 2.388085e+03
2014 10 29 2.559812e+03
2014 10 30 2.467499e+03
2014 10 31 2.585685e+03
2014 11 01 2.552665e+03
2014 11 02 2.522535e+03
2014 11 03 2.603832e+03
2014 11 04 2.755640e+03
2014 11 05 2.626535e+03
2014 11 06 2.729190e+03
2014 11 07 3.038290e+03
2014 11 08 2.733605e+03
2014 11 09 2.663358e+03
2014 11 10 2.740224e+03
2014 11 11 3.067686e+03
2014 11 12 3.243627e+03
2014 11 13 3.016062e+03
2014 11 14 2.775837e+03
2014 11 15 2.455825e+03
2014 11 16 2.197066e+03
2014 11 17 2.021902e+03
2014 11 18 1.904189e+03
2014 11 19 1.812439e+03
2014 11 20 1.774931e+03
2014 11 21 1.744081e+03
2014 11 22 1.785229e+03
2014 11 23 1.860143e+03
2014 11 24 1.939208e+03
2014 11 25 1.911433e+03
2014 11 26 1.985380e+03
2014 11 27 2.555392e+03
2014 11 28 3.147198e+03
2014 11 29 2.285718e+03
2014 11 30 1.871917e+03
2014 12 01 1.537847e+03
2014 12 02 1.341145e+03
2014 12 03 1.263441e+03
2014 12 04 1.238490e+03
2014 12 05 1.279697e+03
2014 12 06 1.447376e+03
2014 12 07 1.456141e+03
2014 12 08 1.471855e+03
2014 12 09 1.913864e+03
2014 12 10 2.244005e+03
2014 12 11 2.612939e+03
2014 12 12 2.328773e+03
2014 12 13 2.177268e+03
2014 12 14 2.142184e+03
2014 12 15 2.133488e+03
2014 12 16 2.340424e+03
2014 12 17 2.234351e+03
2014 12 18 2.096371e+03
2014 12 19 2.009078e+03
2014 12 20 1.947112e+03
2014 12 21 2.023433e+03
2014 12 22 1.927343e+03
2014 12 23 1.855708e+03
2014 12 24 1.830905e+03
2014 12 25 1.766483e+03
2014 12 26 1.705991e+03
2014 12 27 1.680282e+03
2014 12 28 1.640574e+03
2014 12 29 1.584346e+03
2014 12 30 1.494959e+03
2014 12 31 1.372582e+03
2015 01 01 1.259833e+03
2015 01 02 1.239610e+03
2015 01 03 1.272265e+03
2015 01 04 1.285514e+03
2015 01 05 1.297151e+03
2015 01 06 1.227752e+03
2015 01 07 1.206956e+03
2015 01 08 1.193299e+03
2015 01 09 1.198181e+03
2015 01 10 1.244721e+03
2015 01 11 1.277583e+03
2015 01 12 1.284103e+03
2015 01 13 1.341994e+03
2015 01 14 1.339007e+03
2015 01 15 1.352118e+03
2015 01 16 1.350325e+03
2015 01 17 1.321995e+03
2015 01 18 1.416914e+03
2015 01 19 1.417383e+03
2015 01 20 1.333189e+03
2015 01 21 1.291183e+03
2015 01 22 1.266494e+03
2015 01 23 1.285688e+03
2015 01 24 1.612042e+03
2015 01 25 1.697234e+03
2015 01 26 1.592575e+03
2015 01 27 1.561393e+03
2015 01 28 1.614682e+03
2015 01 29 1.714453e+03
2015 01 30 1.912911e+03
2015 01 31 2.070067e+03
2015 02 01 2.128176e+03
2015 02 02 2.013580e+03
2015 02 03 1.878800e+03
2015 02 04 1.768163e+03
2015 02 05 1.713337e+03
2015 02 06 2.459127e+03
2015 02 07 2.771036e+03
2015 02 08 2.255246e+03
2015 02 09 1.954439e+03
2015 02 10 1.882199e+03
2015 02 11 1.831649e+03
2015 02 12 1.783585e+03
2015 02 13 1.824557e+03
2015 02 14 2.006024e+03
2015 02 15 2.064691e+03
2015 02 16 2.119601e+03
2015 02 17 2.185397e+03
2015 02 18 2.274974e+03
2015 02 19 2.310205e+03
2015 02 20 2.283352e+03
2015 02 21 2.208630e+03
2015 02 22 2.129739e+03
2015 02 23 2.065745e+03
2015 02 24 2.011041e+03
2015 02 25 1.969559e+03
2015 02 26 1.923904e+03
2015 02 27 1.874699e+03
2015 02 28 1.827296e+03
2015 03 01 1.779632e+03
2015 03 02 1.730555e+03
2015 03 03 1.667591e+03
2015 03 04 1.622293e+03
2015 03 05 1.561355e+03
2015 03 06 1.561435e+03
2015 03 07 1.542318e+03
2015 03 08 1.519968e+03
2015 03 09 1.510831e+03
2015 03 10 1.510010e+03
2015 03 11 1.510602e+03
2015 03 12 1.599357e+03
2015 03 13 1.715808e+03
2015 03 14 2.058824e+03
2015 03 15 2.352225e+03
2015 03 16 2.666730e+03
2015 03 17 2.864117e+03
2015 03 18 3.102675e+03
2015 03 19 3.118835e+03
2015 03 20 2.998169e+03
2015 03 21 2.991734e+03
2015 03 22 2.942588e+03
2015 03 23 3.098242e+03
2015 03 24 3.222607e+03
2015 03 25 3.178979e+03
2015 03 26 3.194368e+03
2015 03 27 3.177442e+03
2015 03 28 3.463591e+03
2015 03 29 3.852938e+03
2015 03 30 4.534934e+03
2015 03 31 5.123050e+03
2015 04 01 5.253896e+03
2015 04 02 5.264425e+03
2015 04 03 5.269525e+03
2015 04 04 4.996856e+03
2015 04 05 4.600720e+03
2015 04 06 4.260948e+03
2015 04 07 4.018039e+03
2015 04 08 3.840139e+03
2015 04 09 3.681721e+03
2015 04 10 3.522875e+03
2015 04 11 3.405374e+03
2015 04 12 3.337491e+03
2015 04 13 3.236640e+03
2015 04 14 3.190678e+03
2015 04 15 3.129415e+03
2015 04 16 3.020439e+03
2015 04 17 2.980428e+03
2015 04 18 2.917078e+03
2015 04 19 2.895558e+03
2015 04 20 3.005575e+03
2015 04 21 3.118120e+03
2015 04 22 3.150207e+03
2015 04 23 3.162625e+03
2015 04 24 3.362346e+03
2015 04 25 3.795428e+03
2015 04 26 3.941307e+03
2015 04 27 3.860203e+03
2015 04 28 3.833106e+03
2015 04 29 3.812261e+03
2015 04 30 3.776146e+03
2015 05 01 3.852012e+03
2015 05 02 4.001619e+03
2015 05 03 4.067419e+03
2015 05 04 4.120994e+03
2015 05 05 4.089470e+03
2015 05 06 3.945130e+03
2015 05 07 3.782168e+03
2015 05 08 3.726879e+03
2015 05 09 3.681257e+03
2015 05 10 3.653832e+03
2015 05 11 3.691045e+03
2015 05 12 3.785729e+03
2015 05 13 3.949925e+03
2015 05 14 4.306504e+03
2015 05 15 4.677724e+03
2015 05 16 4.987354e+03
2015 05 17 5.166837e+03
2015 05 18 5.281480e+03
2015 05 19 5.381233e+03
2015 05 20 5.487769e+03
2015 05 21 5.572151e+03
2015 05 22 5.787809e+03
2015 05 23 6.146785e+03
2015 05 24 6.433252e+03
2015 05 25 6.803713e+03
2015 05 26 7.078564e+03
2015 05 27 7.320648e+03
2015 05 28 7.509036e+03
2015 05 29 7.550090e+03
2015 05 30 7.652142e+03
2015 05 31 7.700745e+03
2015 06 01 7.828519e+03
2015 06 02 7.907164e+03
2015 06 03 7.969012e+03
2015 06 04 7.795870e+03
2015 06 05 7.604909e+03
2015 06 06 7.580078e+03
2015 06 07 7.577583e+03
2015 06 08 7.520343e+03
2015 06 09 7.395995e+03
2015 06 10 7.285683e+03
2015 06 11 7.197111e+03
2015 06 12 7.056082e+03
2015 06 13 6.798952e+03
2015 06 14 6.460772e+03
2015 06 15 6.099510e+03
2015 06 16 5.819507e+03
2015 06 17 5.553939e+03
2015 06 18 5.218364e+03
2015 06 19 5.110563e+03
2015 06 20 5.029040e+03
2015 06 21 5.031393e+03
2015 06 22 5.152185e+03
2015 06 23 5.388055e+03
2015 06 24 5.404278e+03
2015 06 25 5.022855e+03
2015 06 26 4.765142e+03
2015 06 27 4.671627e+03
2015 06 28 4.622910e+03
2015 06 29 4.586816e+03
2015 06 30 4.717231e+03
2015 07 01 4.814991e+03
2015 07 02 4.820042e+03
2015 07 03 4.841519e+03
2015 07 04 4.885018e+03
2015 07 05 4.830033e+03
2015 07 06 4.674572e+03
2015 07 07 4.492075e+03
2015 07 08 4.262995e+03
2015 07 09 4.067764e+03
2015 07 10 3.900406e+03
2015 07 11 3.778635e+03
2015 07 12 3.711334e+03
2015 07 13 3.617402e+03
2015 07 14 3.632267e+03
2015 07 15 3.585827e+03
2015 07 16 3.533509e+03
2015 07 17 3.509637e+03
2015 07 18 3.373837e+03
2015 07 19 3.300273e+03
2015 07 20 3.260634e+03
2015 07 21 3.169433e+03
2015 07 22 3.071006e+03
2015 07 23 3.027116e+03
2015 07 24 3.006296e+03
2015 07 25 3.021919e+03
2015 07 26 3.030727e+03
2015 07 27 2.930335e+03
2015 07 28 2.875537e+03
2015 07 29 2.906988e+03
2015 07 30 2.928373e+03
2015 07 31 2.803355e+03
2015 08 01 2.705469e+03
2015 08 02 2.696664e+03
2015 08 03 2.681156e+03
2015 08 04 2.624677e+03
2015 08 05 2.557624e+03
2015 08 06 2.532125e+03
2015 08 07 2.490650e+03
2015 08 08 2.515146e+03
2015 08 09 2.492396e+03
2015 08 10 2.556411e+03
2015 08 11 2.535510e+03
2015 08 12 2.441646e+03
2015 08 13 2.441917e+03
2015 08 14 2.413729e+03
2015 08 15 2.408957e+03
2015 08 16 2.371934e+03
2015 08 17 2.348906e+03
2015 08 18 2.324235e+03
2015 08 19 2.273067e+03
2015 08 20 2.223348e+03
2015 08 21 2.159939e+03
2015 08 22 2.109227e+03
2015 08 23 2.072983e+03
2015 08 24 2.048541e+03
2015 08 25 1.998894e+03
2015 08 26 1.919448e+03
2015 08 27 1.831242e+03
2015 08 28 1.782159e+03
2015 08 29 1.738670e+03
2015 08 30 1.856954e+03
2015 08 31 1.866033e+03
2015 09 01 2.015753e+03
2015 09 02 2.071691e+03
2015 09 03 1.976638e+03
2015 09 04 2.049589e+03
2015 09 05 2.079739e+03
2015 09 06 2.053535e+03
2015 09 07 1.996466e+03
2015 09 08 1.907077e+03
2015 09 09 1.822131e+03
2015 09 10 1.749702e+03
2015 09 11 1.704646e+03
2015 09 12 1.776998e+03
2015 09 13 1.907845e+03
2015 09 14 1.976741e+03
2015 09 15 1.930948e+03
2015 09 16 1.996078e+03
2015 09 17 2.005848e+03
2015 09 18 1.995475e+03
2015 09 19 1.905859e+03
2015 09 20 1.992594e+03
2015 09 21 2.082369e+03
2015 09 22 1.998290e+03
2015 09 23 2.326350e+03
2015 09 24 2.500313e+03
2015 09 25 2.556035e+03
2015 09 26 2.514142e+03
2015 09 27 2.342024e+03
2015 09 28 2.275954e+03
2015 09 29 2.334191e+03
2015 09 30 2.354711e+03
2015 10 01 2.303381e+03
2015 10 02 2.220580e+03
2015 10 03 2.148406e+03
2015 10 04 2.077283e+03
2015 10 05 2.017674e+03
2015 10 06 2.032351e+03
2015 10 07 2.027825e+03
2015 10 08 1.969738e+03
2015 10 09 1.871603e+03
2015 10 10 1.853233e+03
2015 10 11 2.013845e+03
2015 10 12 1.871939e+03
2015 10 13 1.817887e+03
2015 10 14 1.996199e+03
2015 10 15 2.465827e+03
2015 10 16 2.453305e+03
2015 10 17 2.207400e+03
2015 10 18 2.096210e+03
2015 10 19 1.995227e+03
2015 10 20 1.890390e+03
2015 10 21 1.833736e+03
2015 10 22 1.822913e+03
2015 10 23 1.851226e+03
2015 10 24 1.851103e+03
2015 10 25 1.825663e+03
2015 10 26 1.825721e+03
2015 10 27 1.732562e+03
2015 10 28 1.679722e+03
2015 10 29 1.683521e+03
2015 10 30 1.701304e+03
2015 10 31 1.709063e+03
2015 11 01 1.852621e+03
2015 11 02 1.971226e+03
2015 11 03 2.164652e+03
2015 11 04 2.186245e+03
2015 11 05 2.130242e+03
2015 11 06 2.004499e+03
2015 11 07 2.081517e+03
2015 11 08 2.095015e+03
2015 11 09 1.903714e+03
2015 11 10 1.917459e+03
2015 11 11 2.046734e+03
2015 11 12 1.957453e+03
2015 11 13 2.291733e+03
2015 11 14 2.087176e+03
2015 11 15 1.897149e+03
2015 11 16 1.752389e+03
2015 11 17 2.057714e+03
2015 11 18 2.021497e+03
2015 11 19 1.757040e+03
2015 11 20 1.631951e+03
2015 11 21 1.525842e+03
2015 11 22 1.475670e+03
2015 11 23 1.426711e+03
2015 11 24 1.399662e+03
2015 11 25 1.311277e+03
2015 11 26 1.221549e+03
2015 11 27 1.155117e+03
2015 11 28 1.068316e+03
2015 11 29 1.003126e+03
2015 11 30 9.247968e+02
2015 12 01 8.638300e+02
2015 12 02 8.430818e+02
2015 12 03 9.037555e+02
2015 12 04 1.122943e+03
2015 12 05 1.216817e+03
2015 12 06 1.266410e+03
2015 12 07 1.424779e+03
2015 12 08 1.673307e+03
2015 12 09 1.864069e+03
2015 12 10 1.644656e+03
2015 12 11 1.518287e+03
2015 12 12 1.450492e+03
2015 12 13 1.454855e+03
2015 12 14 1.437182e+03
2015 12 15 1.400485e+03
2015 12 16 1.340672e+03
2015 12 17 1.283873e+03
2015 12 18 1.225283e+03
2015 12 19 1.180882e+03
2015 12 20 1.157836e+03
2015 12 21 1.123946e+03
2015 12 22 1.103329e+03
2015 12 23 1.066190e+03
2015 12 24 1.044919e+03
2015 12 25 1.052822e+03
2015 12 26 1.016232e+03
2015 12 27 1.003982e+03
2015 12 28 9.857121e+02
2015 12 29 9.804149e+02
2015 12 30 9.530125e+02
2015 12 31 9.154403e+02
2016 01 01 8.801745e+02
2016 01 02 8.419446e+02
2016 01 03 8.268340e+02
2016 01 04 7.886049e+02
2016 01 05 7.451408e+02
2016 01 06 8.037131e+02
2016 01 07 7.823076e+02
2016 01 08 8.038671e+02
2016 01 09 8.221128e+02
2016 01 10 8.490457e+02
2016 01 11 8.274766e+02
2016 01 12 8.535318e+02
2016 01 13 8.743972e+02
2016 01 14 9.072376e+02
2016 01 15 9.315272e+02
2016 01 16 9.528262e+02
2016 01 17 9.482270e+02
2016 01 18 9.528254e+02
2016 01 19 9.397755e+02
2016 01 20 9.233210e+02
2016 01 21 9.344410e+02
2016 01 22 1.148552e+03
2016 01 23 1.164135e+03
2016 01 24 1.088206e+03
2016 01 25 1.044300e+03
2016 01 26 1.027865e+03
2016 01 27 1.102820e+03
2016 01 28 1.928361e+03
2016 01 29 1.681298e+03
2016 01 30 1.404781e+03
2016 01 31 1.285412e+03
2016 02 01 1.203417e+03
2016 02 02 1.168735e+03
2016 02 03 1.174911e+03
2016 02 04 1.190496e+03
2016 02 05 1.184619e+03
2016 02 06 1.242535e+03
2016 02 07 1.190767e+03
2016 02 08 1.147795e+03
2016 02 09 1.137583e+03
2016 02 10 1.139712e+03
2016 02 11 1.209202e+03
2016 02 12 1.293189e+03
2016 02 13 1.384031e+03
2016 02 14 1.310576e+03
2016 02 15 1.404446e+03
2016 02 16 1.431022e+03
2016 02 17 1.350021e+03
2016 02 18 1.359026e+03
2016 02 19 1.344266e+03
2016 02 20 1.333295e+03
2016 02 21 1.305083e+03
2016 02 22 1.284482e+03
2016 02 23 1.252693e+03
2016 02 24 1.233624e+03
2016 02 25 1.215127e+03
2016 02 26 1.208697e+03
2016 02 27 1.204530e+03
2016 02 28 1.187799e+03
2016 02 29 1.201377e+03
2016 03 01 1.168921e+03
2016 03 02 1.203752e+03
2016 03 03 1.294043e+03
2016 03 04 1.308999e+03
2016 03 05 1.349181e+03
2016 03 06 1.399190e+03
2016 03 07 1.447986e+03
2016 03 08 1.463307e+03
2016 03 09 1.478332e+03
2016 03 10 1.529284e+03
2016 03 11 1.554652e+03
2016 03 12 1.561645e+03
2016 03 13 1.553765e+03
2016 03 14 1.546328e+03
2016 03 15 1.528532e+03
2016 03 16 1.526221e+03
2016 03 17 1.506573e+03
2016 03 18 1.503920e+03
2016 03 19 1.479000e+03
2016 03 20 1.450477e+03
2016 03 21 1.422903e+03
2016 03 22 1.415178e+03
2016 03 23 1.425770e+03
2016 03 24 1.467334e+03
2016 03 25 1.570660e+03
2016 03 26 1.630705e+03
2016 03 27 1.663448e+03
2016 03 28 1.716921e+03
2016 03 29 1.730844e+03
2016 03 30 1.728817e+03
2016 03 31 1.729476e+03
2016 04 01 1.786480e+03
2016 04 02 1.919832e+03
2016 04 03 2.094364e+03
2016 04 04 2.317278e+03
2016 04 05 2.517712e+03
2016 04 06 2.641559e+03
2016 04 07 2.821349e+03
2016 04 08 3.110595e+03
2016 04 09 3.454434e+03
2016 04 10 3.522363e+03
2016 04 11 3.558926e+03
2016 04 12 3.612995e+03
2016 04 13 3.600588e+03
2016 04 14 3.496300e+03
2016 04 15 3.417212e+03
2016 04 16 3.351098e+03
2016 04 17 3.285859e+03
2016 04 18 3.234977e+03
2016 04 19 3.380266e+03
2016 04 20 3.622573e+03
2016 04 21 3.960417e+03
2016 04 22 4.484482e+03
2016 04 23 4.929544e+03
2016 04 24 5.099367e+03
2016 04 25 5.326888e+03
2016 04 26 5.637359e+03
2016 04 27 5.885589e+03
2016 04 28 5.821194e+03
2016 04 29 5.646724e+03
2016 04 30 5.400133e+03
2016 05 01 5.161750e+03
2016 05 02 5.093985e+03
2016 05 03 5.098414e+03
2016 05 04 5.133729e+03
2016 05 05 5.144346e+03
2016 05 06 5.340542e+03
2016 05 07 5.682412e+03
2016 05 08 6.004263e+03
2016 05 09 5.861534e+03
2016 05 10 5.575251e+03
2016 05 11 5.505317e+03
2016 05 12 5.494869e+03
2016 05 13 5.300987e+03
2016 05 14 5.196756e+03
2016 05 15 5.132690e+03
2016 05 16 5.002851e+03
2016 05 17 4.844263e+03
2016 05 18 4.756245e+03
2016 05 19 4.782734e+03
2016 05 20 4.808743e+03
2016 05 21 4.899143e+03
2016 05 22 5.114916e+03
2016 05 23 5.195424e+03
2016 05 24 5.059378e+03
2016 05 25 4.932713e+03
2016 05 26 4.845765e+03
2016 05 27 4.771226e+03
2016 05 28 4.783918e+03
2016 05 29 5.001628e+03
2016 05 30 4.987526e+03
2016 05 31 4.884809e+03
2016 06 01 4.774220e+03
2016 06 02 4.735634e+03
2016 06 03 4.626924e+03
2016 06 04 4.542700e+03
2016 06 05 4.783779e+03
2016 06 06 5.223547e+03
2016 06 07 5.464363e+03
2016 06 08 5.552468e+03
2016 06 09 5.527604e+03
2016 06 10 5.556399e+03
2016 06 11 5.581264e+03
2016 06 12 5.590155e+03
2016 06 13 5.589311e+03
2016 06 14 5.479337e+03
2016 06 15 5.205891e+03
2016 06 16 5.050791e+03
2016 06 17 4.872472e+03
2016 06 18 4.823176e+03
2016 06 19 5.046354e+03
2016 06 20 4.898251e+03
2016 06 21 4.680303e+03
2016 06 22 4.554338e+03
2016 06 23 4.468855e+03
2016 06 24 4.466737e+03
2016 06 25 4.475085e+03
2016 06 26 4.473999e+03
2016 06 27 4.466541e+03
2016 06 28 4.441276e+03
2016 06 29 4.398233e+03
2016 06 30 4.342506e+03
2016 07 01 4.288477e+03
2016 07 02 4.267512e+03
2016 07 03 4.307634e+03
2016 07 04 4.356936e+03
2016 07 05 4.371625e+03
2016 07 06 4.491839e+03
2016 07 07 5.281718e+03
2016 07 08 5.425863e+03
2016 07 09 5.024744e+03
2016 07 10 4.594824e+03
2016 07 11 4.292124e+03
2016 07 12 4.141267e+03
2016 07 13 4.096089e+03
2016 07 14 4.101869e+03
2016 07 15 4.135493e+03
2016 07 16 4.250553e+03
2016 07 17 4.413201e+03
2016 07 18 4.511533e+03
2016 07 19 4.523750e+03
2016 07 20 4.433725e+03
2016 07 21 4.305979e+03
2016 07 22 4.229250e+03
2016 07 23 4.267217e+03
2016 07 24 4.379871e+03
2016 07 25 4.332782e+03
2016 07 26 4.190673e+03
2016 07 27 4.001361e+03
2016 07 28 3.869259e+03
2016 07 29 3.830977e+03
2016 07 30 3.768095e+03
2016 07 31 3.685471e+03
2016 08 01 3.590355e+03
2016 08 02 3.505971e+03
2016 08 03 3.402879e+03
2016 08 04 3.279431e+03
2016 08 05 3.161691e+03
2016 08 06 3.037552e+03
2016 08 07 2.932782e+03
2016 08 08 2.881186e+03
2016 08 09 2.897653e+03
2016 08 10 2.925950e+03
2016 08 11 3.005281e+03
2016 08 12 3.009786e+03
2016 08 13 3.007032e+03
2016 08 14 3.007032e+03
2016 08 15 2.929533e+03
2016 08 16 2.855277e+03
2016 08 17 2.805726e+03
2016 08 18 2.708203e+03
2016 08 19 2.668191e+03
2016 08 20 2.602346e+03
2016 08 21 2.547078e+03
2016 08 22 2.521728e+03
2016 08 23 2.467064e+03
2016 08 24 2.404795e+03
2016 08 25 2.316001e+03
2016 08 26 2.368822e+03
2016 08 27 2.342890e+03
2016 08 28 2.289989e+03
2016 08 29 2.289989e+03
2016 08 30 2.289989e+03
2016 08 31 2.228970e+03
2016 09 01 2.155986e+03
2016 09 02 2.180294e+03
2016 09 03 2.162105e+03
2016 09 04 2.177645e+03
2016 09 05 2.277120e+03
2016 09 06 2.307692e+03
2016 09 07 2.288836e+03
2016 09 08 2.191975e+03
2016 09 09 2.106827e+03
2016 09 10 2.078627e+03
2016 09 11 2.253482e+03
2016 09 12 2.481960e+03
2016 09 13 2.626763e+03
2016 09 14 2.623113e+03
2016 09 15 2.510649e+03
2016 09 16 2.346131e+03
2016 09 17 2.192795e+03
2016 09 18 2.113854e+03
2016 09 19 2.099526e+03
2016 09 20 2.216817e+03
2016 09 21 2.483971e+03
2016 09 22 2.655887e+03
2016 09 23 2.678226e+03
2016 09 24 2.545186e+03
2016 09 25 2.378714e+03
2016 09 26 2.246412e+03
2016 09 27 2.162572e+03
2016 09 28 2.102613e+03
2016 09 29 2.100162e+03
2016 09 30 2.187842e+03
2016 10 01 2.265248e+03
2016 10 02 2.192291e+03
2016 10 03 2.087457e+03
2016 10 04 1.972083e+03
2016 10 05 1.888321e+03
2016 10 06 1.827815e+03
2016 10 07 1.807015e+03
2016 10 08 1.811412e+03
2016 10 09 1.960879e+03
2016 10 10 1.844886e+03
2016 10 11 1.804921e+03
2016 10 12 1.767965e+03
2016 10 13 1.747622e+03
2016 10 14 1.913759e+03
2016 10 15 2.142264e+03
2016 10 16 2.096201e+03
2016 10 17 2.041817e+03
2016 10 18 2.087945e+03
2016 10 19 2.209136e+03
2016 10 20 2.340334e+03
2016 10 21 2.391900e+03
2016 10 22 2.347177e+03
2016 10 23 2.394511e+03
2016 10 24 2.536839e+03
2016 10 25 2.501532e+03
2016 10 26 2.426661e+03
2016 10 27 2.428912e+03
2016 10 28 2.361938e+03
2016 10 29 2.285010e+03
2016 10 30 2.257818e+03
2016 10 31 2.262422e+03
2016 11 01 2.301846e+03
2016 11 02 2.358709e+03
2016 11 03 2.530282e+03
2016 11 04 2.400860e+03
2016 11 05 2.434945e+03
2016 11 06 2.750456e+03
2016 11 07 2.503267e+03
2016 11 08 2.322824e+03
2016 11 09 2.579878e+03
2016 11 10 2.880442e+03
2016 11 11 2.691676e+03
2016 11 12 2.790398e+03
2016 11 13 3.021349e+03
2016 11 14 3.018040e+03
2016 11 15 3.068604e+03
2016 11 16 3.290297e+03
2016 11 17 3.474403e+03
2016 11 18 3.318876e+03
2016 11 19 3.091042e+03
2016 11 20 2.908710e+03
2016 11 21 2.808066e+03
2016 11 22 2.677206e+03
2016 11 23 2.577633e+03
2016 11 24 2.562154e+03
2016 11 25 2.578920e+03
2016 11 26 2.503899e+03
2016 11 27 2.468332e+03
2016 11 28 2.408168e+03
2016 11 29 2.342462e+03
2016 11 30 2.287213e+03
2016 12 01 2.224438e+03
2016 12 02 2.167308e+03
2016 12 03 2.149512e+03
2016 12 04 2.110475e+03
2016 12 05 2.029282e+03
2016 12 06 1.947937e+03
2016 12 07 1.804920e+03
2016 12 08 1.614074e+03
2016 12 09 1.475163e+03
2016 12 10 1.382285e+03
2016 12 11 1.295339e+03
2016 12 12 1.240456e+03
2016 12 13 1.221145e+03
2016 12 14 1.135004e+03
2016 12 15 1.137873e+03
2016 12 16 1.146190e+03
2016 12 17 1.132221e+03
2016 12 18 1.188769e+03
2016 12 19 1.219988e+03
2016 12 20 1.295628e+03
2016 12 21 1.304777e+03
2016 12 22 1.340067e+03
2016 12 23 1.373210e+03
2016 12 24 1.401752e+03
2016 12 25 1.387452e+03
2016 12 26 1.351154e+03
2016 12 27 1.302693e+03
2016 12 28 1.293685e+03
2016 12 29 1.291993e+03
2016 12 30 1.260326e+03
2016 12 31 1.272953e+03
2017 01 01 1.261699e+03
2017 01 02 1.228315e+03
2017 01 03 1.156617e+03
2017 01 04 1.127793e+03
2017 01 05 1.093800e+03
2017 01 06 1.037706e+03
2017 01 07 1.044725e+03
2017 01 08 1.057334e+03
2017 01 09 1.079025e+03
2017 01 10 1.080729e+03
2017 01 11 1.167174e+03
2017 01 12 1.227188e+03
2017 01 13 1.270035e+03
2017 01 14 1.331548e+03
2017 01 15 1.327569e+03
2017 01 16 1.298727e+03
2017 01 17 1.127790e+03
2017 01 18 1.264045e+03
2017 01 19 1.310314e+03
2017 01 20 1.267603e+03
2017 01 21 1.261049e+03
2017 01 22 1.260037e+03
2017 01 23 1.265356e+03
2017 01 24 1.256255e+03
2017 01 25 1.269136e+03
2017 01 26 1.236301e+03
2017 01 27 1.212097e+03
2017 01 28 1.167228e+03
2017 01 29 1.161294e+03
2017 01 30 1.156073e+03
2017 01 31 1.128012e+03
2017 02 01 1.089532e+03
2017 02 02 1.036519e+03
2017 02 03 9.830338e+02
2017 02 04 9.684809e+02
2017 02 05 9.589132e+02
2017 02 06 9.019307e+02
2017 02 07 8.658745e+02
2017 02 08 7.975758e+02
2017 02 09 7.970627e+02
2017 02 10 8.502099e+02
2017 02 11 8.584494e+02
2017 02 12 8.546816e+02
2017 02 13 8.662428e+02
2017 02 14 8.701732e+02
2017 02 15 1.007913e+03
2017 02 16 1.484686e+03
2017 02 17 1.440112e+03
2017 02 18 1.264944e+03
2017 02 19 1.229300e+03
2017 02 20 1.186105e+03
2017 02 21 1.190150e+03
2017 02 22 1.192588e+03
2017 02 23 1.188848e+03
2017 02 24 1.169804e+03
2017 02 25 1.129101e+03
2017 02 26 1.093184e+03
2017 02 27 1.041608e+03
2017 02 28 1.014774e+03
2017 03 01 9.946392e+02
2017 03 02 9.581208e+02
2017 03 03 9.881756e+02
2017 03 04 1.004914e+03
2017 03 05 9.778066e+02
2017 03 06 9.501169e+02
2017 03 07 9.106105e+02
2017 03 08 8.593377e+02
2017 03 09 8.962322e+02
2017 03 10 9.016626e+02
2017 03 11 8.874568e+02
2017 03 12 9.091771e+02
2017 03 13 9.028914e+02
2017 03 14 9.625520e+02
2017 03 15 1.322135e+03
2017 03 16 1.280179e+03
2017 03 17 1.183763e+03
2017 03 18 1.230681e+03
2017 03 19 1.219498e+03
2017 03 20 1.149462e+03
2017 03 21 1.134767e+03
2017 03 22 1.136989e+03
2017 03 23 1.115842e+03
2017 03 24 1.150108e+03
2017 03 25 1.154157e+03
2017 03 26 1.127921e+03
2017 03 27 1.137116e+03
2017 03 28 1.211498e+03
2017 03 29 1.272157e+03
2017 03 30 1.370936e+03
2017 03 31 1.376667e+03
2017 04 01 1.420936e+03
2017 04 02 1.554831e+03
2017 04 03 1.681423e+03
2017 04 04 1.819236e+03
2017 04 05 1.862846e+03
2017 04 06 1.881199e+03
2017 04 07 1.952659e+03
2017 04 08 2.013858e+03
2017 04 09 2.139663e+03
2017 04 10 2.231440e+03
2017 04 11 2.381423e+03
2017 04 12 2.365318e+03
2017 04 13 2.385655e+03
2017 04 14 2.368745e+03
2017 04 15 2.404869e+03
2017 04 16 2.322285e+03
2017 04 17 2.326914e+03
2017 04 18 2.318165e+03
2017 04 19 2.370262e+03
2017 04 20 2.420637e+03
2017 04 21 2.442387e+03
2017 04 22 2.454733e+03
2017 04 23 2.549663e+03
2017 04 24 2.675655e+03
2017 04 25 2.804607e+03
2017 04 26 2.947654e+03
2017 04 27 3.016420e+03
2017 04 28 2.986461e+03
2017 04 29 2.947396e+03
2017 04 30 2.927865e+03
2017 05 01 2.920187e+03
2017 05 02 2.896783e+03
2017 05 03 2.943521e+03
2017 05 04 3.178519e+03
2017 05 05 3.834314e+03
2017 05 06 4.169547e+03
2017 05 07 4.226118e+03
2017 05 08 4.546584e+03
2017 05 09 4.972387e+03
2017 05 10 5.104609e+03
2017 05 11 5.058560e+03
2017 05 12 5.046420e+03
2017 05 13 4.969401e+03
2017 05 14 4.969401e+03
2017 05 15 5.558427e+03
2017 05 16 5.825102e+03
2017 05 17 5.671481e+03
2017 05 18 5.351814e+03
2017 05 19 5.218784e+03
2017 05 20 5.148989e+03
2017 05 21 5.266404e+03
2017 05 22 5.492060e+03
2017 05 23 5.869925e+03
2017 05 24 6.216049e+03
2017 05 25 6.248202e+03
2017 05 26 6.755243e+03
2017 05 27 7.568807e+03
2017 05 28 8.107566e+03
2017 05 29 8.124549e+03
2017 05 30 8.157216e+03
2017 05 31 8.599888e+03
2017 06 01 8.973184e+03
2017 06 02 9.365802e+03
2017 06 03 9.611399e+03
2017 06 04 9.705993e+03
2017 06 05 9.595655e+03
2017 06 06 9.292697e+03
2017 06 07 8.857978e+03
2017 06 08 8.523858e+03
2017 06 09 8.208914e+03
2017 06 10 7.928427e+03
2017 06 11 7.958801e+03
2017 06 12 8.506180e+03
2017 06 13 9.180123e+03
2017 06 14 9.004980e+03
2017 06 15 8.203408e+03
2017 06 16 7.798390e+03
2017 06 17 7.491481e+03
2017 06 18 7.169452e+03
2017 06 19 7.001564e+03
2017 06 20 6.951208e+03
2017 06 21 6.785206e+03
2017 06 22 6.522000e+03
2017 06 23 6.507865e+03
2017 06 24 6.697341e+03
2017 06 25 6.632135e+03
2017 06 26 6.415967e+03
2017 06 27 6.181161e+03
2017 06 28 5.939026e+03
2017 06 29 5.919139e+03
2017 06 30 6.018015e+03
2017 07 01 6.085805e+03
2017 07 02 6.027255e+03
2017 07 03 5.884431e+03
2017 07 04 5.776790e+03
2017 07 05 5.712397e+03
2017 07 06 5.680487e+03
2017 07 07 5.541348e+03
2017 07 08 5.335880e+03
2017 07 09 5.120947e+03
2017 07 10 4.978127e+03
2017 07 11 4.923922e+03
2017 07 12 4.823820e+03
2017 07 13 4.699326e+03
2017 07 14 4.489373e+03
2017 07 15 4.311961e+03
2017 07 16 4.157654e+03
2017 07 17 4.044270e+03
2017 07 18 3.933670e+03
2017 07 19 3.846320e+03
2017 07 20 3.785000e+03
2017 07 21 3.710588e+03
2017 07 22 3.533670e+03
2017 07 23 3.416067e+03
2017 07 24 3.350431e+03
2017 07 25 3.284757e+03
